Apples,Oranges,Control
421.988507888,436,489
646.263811181,443,800
415.63374289,450,878
543.441420976,451,934
672.598653762,459,545
704.543601884,477,288
487.304912364,436,610
310.59542006,461,789
350.878718472,461,355
669.070434052,425,261
592.652417433,464,368
533.856547391,426,393
431.683876002,454,555
435.217500771,430,302
525.790942023,463,758
447.018375858,453,303
348.882537764,447,706
561.444294974,438,619
310.310092101,473,721
538.496924857,457,737
322.897596486,457,45
473.449522141,447,309
441.074991736,430,547
549.924695822,476,308
598.419159735,447,306
562.765012057,463,556
534.53844314,479,532
524.450043219,447,508
576.715907844,406,474
446.42897282,444,99
547.51816795,474,595
485.394964746,460,236
573.669179388,472,336
550.968373094,446,795
406.496167604,452,29
584.023479118,457,133
490.372534958,469,286
444.819054894,484,306
521.560916258,429,566
430.310561141,437,458
310.190597785,480,218
512.498752377,454,474
522.585270032,445,228
488.41925539,463,132
468.538794731,466,456
411.600316195,455,255
407.149929342,485,89
539.901061082,447,348
397.005728756,441,998
414.66332435,453,927
528.241752226,468,129
430.216697013,419,448
563.692992734,445,383
592.459674242,437,817
560.069499173,453,771
560.707006313,491,394
592.268927626,453,870
309.83848009,433,632
307.125171103,442,917
451.097269817,495,590
546.170864739,439,874
560.228726827,461,106
691.168285799,459,805
549.921230019,463,109
376.168848717,454,439
505.263476298,458,978
560.788244822,459,488
353.010478528,447,784
556.59178008,437,194
580.372251883,428,622
523.979219619,437,897
565.095525488,459,120
641.182990174,423,271
461.588717316,430,896
487.10893769,480,458
489.228314754,463,389
688.5852753,454,705
460.597254419,440,384
431.322497078,466,980
427.027264248,440,457
430.866431301,445,77
317.710391772,451,747
547.266824583,413,950
609.055139386,435,624
550.544381315,467,476
476.652490471,392,51
667.224858559,454,362
493.663524631,449,18
469.86986537,418,250
401.130738441,481,20
345.194901447,460,599
408.576295071,462,625
428.036202673,417,271
516.412539824,444,59
676.048516183,439,733
591.869482544,477,575
402.562505282,469,183
467.795842997,437,726
491.288535396,442,965
600.988894435,430,291
469.472863444,446,984
442.185331497,420,632
310.126933789,460,853
363.060107001,458,622
457.28108138,469,878
627.104734815,436,283
602.513530708,472,908
478.539504225,459,790
559.652671892,416,642
639.081834769,438,494
585.557302164,465,721
456.171021017,437,175
509.143258548,477,594
595.522962597,421,870
684.943678985,412,557
489.343424783,458,589
525.375345859,485,197
423.302222276,456,988
700.996873619,468,812
505.340067684,431,787
453.870921669,418,159
504.693584308,476,788
543.058790111,454,920
540.856899595,443,183
242.047922176,425,24
687.312511485,488,835
503.793273881,445,31
460.641124198,493,937
538.914943504,459,59
631.59130633,474,134
488.916201238,431,778
386.577305593,435,617
377.540810604,469,101
635.006759029,456,511
777.261471569,457,349
588.266597397,447,637
707.144481758,463,501
401.742598292,460,40
548.344230899,464,626
397.585438095,470,213
375.711716675,420,429
474.067641978,457,335
547.195240871,434,14
493.537027674,480,440
567.696915106,430,954
483.908747093,437,490
417.938992646,453,832
443.59269833,471,967
342.427696313,433,45
403.924938972,466,253
489.711883818,474,217
497.710902922,433,802
522.788325426,447,189
535.651955134,447,43
552.26075705,460,499
603.413031351,469,877
381.403658457,484,532
686.304452933,475,534
488.85571858,456,603
345.024676676,470,317
496.798527724,441,510
474.718363701,477,587
450.998315171,447,448
533.530629695,423,279
558.255495083,459,627
557.626543178,420,104
463.691794678,460,804
404.171844173,432,1
541.406605747,472,867
513.131988575,472,961
519.772746954,445,995
507.009303306,461,763
568.830356433,494,836
409.217298308,437,136
509.926934143,460,799
498.679640585,451,322
490.837112602,415,464
362.815496105,430,28
184.585929244,449,920
456.229051587,451,981
459.105014474,464,132
574.469168615,458,496
659.870467577,473,218
617.318224498,446,131
690.026127899,477,161
447.7674934,441,149
589.977185633,432,106
499.594034596,448,348
398.415546035,452,73
368.567386335,427,263
640.333291484,427,676
500.78796207,446,54
443.296750964,450,654
321.428077945,441,373
443.40495079,411,673
398.878314317,462,859
358.843901742,474,287
556.080278355,435,172
431.736159078,507,825
557.975433696,452,979
469.055016941,466,18
531.606046489,464,214
405.935000125,431,139
407.569512596,435,391
451.466802769,420,950
623.174504719,464,463
694.416031056,413,613
529.412236629,463,201
545.361698665,419,526
499.943886776,405,595
588.673217673,437,428
311.169175291,457,11
587.09271924,458,992
388.477751254,453,131
589.742325455,474,553
465.435834801,460,584
511.843216263,426,544
432.894971857,480,60
466.519493829,451,490
417.824257195,473,681
499.69535531,456,358
463.357358613,428,380
408.320030231,432,359
546.380569553,442,78
567.286626872,486,661
503.690514892,443,224
645.767351462,457,719
631.923736811,479,227
533.834399688,423,77
585.077651684,428,895
388.300574649,452,923
438.474655833,421,870
484.28649709,462,120
650.121195305,449,501
457.318636278,458,343
532.670400446,496,916
588.032454989,459,670
471.126227547,457,487
510.533846921,432,133
468.389639634,441,406
286.71934112,442,941
417.070825731,450,NaN
455.904133907,413,387
451.299067683,435,626
466.792752634,444,84
473.656118037,448,718
515.920074707,425,342
465.16067906,448,496
532.012644529,433,600
497.122245319,432,745
541.25771636,454,707
363.847291233,445,63
355.837271518,461,969
445.155434835,443,324
563.139434024,439,455
449.441307607,478,672
430.986950575,446,131
442.091067137,424,873
506.933002092,431,130
621.177582333,450,302
586.823905119,438,474
413.21528821,479,636
532.736524112,499,42
493.328332841,454,891
409.476784281,454,559
627.653466456,485,138
480.327548163,457,928
362.900266844,437,425
437.546882939,456,582
549.194666925,467,759
550.003696415,406,878
296.092855515,433,697
761.559774567,434,560
466.831827552,467,547
553.443776683,454,886
580.824416793,449,604
636.627813398,441,911
471.717010808,475,629
525.153710368,465,353
509.534935771,435,554
447.007236565,428,804
472.793119483,436,769
775.518334727,491,194
438.263597003,471,196
372.905326784,480,909
484.868655782,430,372
542.901254124,425,40
620.490715958,454,145
493.97421569,443,895
405.173477902,424,564
500.928509257,444,342
375.543523198,-999,399
786.413975067,424,795
528.305509477,424,990
610.783331096,454,624
430.775334628,432,346
509.035453032,437,941
369.808211056,454,714
708.091856405,484,627
588.413602981,457,117
529.167076398,453,992
330.515903166,424,20
502.074410791,434,313
765.395264976,438,408
530.048640343,468,564
508.185603891,441,593
646.011590694,516,671
474.56181061,450,149
584.027934596,459,358
625.386993631,478,365
388.502862665,427,359
470.643341071,428,268
478.159789428,434,210
269.740933838,469,757
608.503355404,419,484
456.07648034,441,699
571.264969392,468,53
636.582532193,443,175
532.840884493,452,-999
518.052967178,420,319
562.383067674,432,853
427.208485249,435,497
536.460207937,449,826
431.626654459,435,116
473.509643181,431,875
306.547591698,438,284
592.248798755,433,490
410.961726264,446,535
664.607261728,449,533
571.701780811,450,307
610.733369797,489,16
449.22454195,469,135
380.700598124,489,632
468.884107896,476,627
566.745333439,445,52
416.313472095,470,254
615.60158498,444,832
286.70379708,459,485
383.19823696,421,789
306.103317928,461,249
455.492560176,440,415
383.962446057,476,418
690.47889793,461,284
440.820019666,426,222
502.453379376,469,46
495.784049912,449,420
396.308720502,454,213
512.362013104,468,832
408.293251704,444,530
468.562608266,457,916
458.772383217,454,220
469.144706552,483,573
503.099452869,441,521
550.891724006,414,309
502.31604874,433,88
304.929936448,435,448
456.931339138,447,128
572.158857237,462,261
519.286052242,441,115
660.286608986,440,860
533.937213565,425,336
409.747335016,436,800
590.487950872,476,943
550.759157966,451,412
658.765677114,442,301
440.335482952,446,900
436.299051805,445,856
678.349394108,443,855
382.07410192,459,835
NaN,-999,NaN
474.693646295,391,505
571.608090258,451,601
657.834804633,469,288
578.382390893,443,942
581.517443317,471,896
471.563109169,484,905
535.1283258,447,443
619.57161936,496,978
494.695334701,431,417
373.099845859,431,862
381.351255579,464,164
645.675295007,460,817
364.922452081,465,721
481.808304063,454,283
567.868965786,452,499
577.872829214,459,259
397.942708268,467,848
631.238558404,473,169
461.919264661,466,547
469.675970467,432,353
402.139413506,426,857
402.025705949,460,909
616.830225022,445,773
499.424847329,465,613
434.139525208,420,652
375.764286206,425,310
661.299582148,407,372
425.143633556,477,626
651.357107946,463,811
538.960626167,456,647
416.343184949,430,745
503.263227505,481,726
488.984604955,434,691
462.49245995,454,894
482.745700305,450,209
588.205063424,447,821
364.284975212,423,513
538.453440439,429,957
568.21612085,411,84
517.19731472,469,614
311.818807404,461,535
536.351151984,449,185
408.173755624,417,267
457.666077123,495,877
515.714448189,470,55
378.666185974,426,158
586.290199835,485,931
646.222379255,463,796
358.244293699,468,980
699.644190207,471,225
524.304147686,438,433
668.728592861,483,700
438.306484381,447,620
371.453578055,444,113
402.041273578,432,321
516.196346469,431,625
459.319041155,423,411
782.741278943,416,906
358.256587797,431,563
566.152550952,NaN,421
477.146993093,474,409
502.920856922,468,179
436.068236456,441,177
623.208259988,436,284
675.871701047,433,422
578.525937688,458,384
623.866933729,383,699
323.697517596,439,567
571.173926429,447,340
413.923878718,431,110
437.18835947,482,372
492.76004953,418,194
-999,480,561
620.133625493,439,380
423.173462756,474,206
564.703669936,437,805
444.611054405,475,325
519.585924406,465,86
519.135809316,447,312
483.789230446,443,648
592.945866896,398,963
356.297519845,491,298
626.900586278,460,968
495.53646404,452,794
459.303847398,445,728
561.084790478,441,783
555.333494133,450,59
404.365674838,466,930
532.226451185,453,831
418.868540032,414,189
361.65578381,455,29
551.738028541,473,941
285.071026696,469,710
324.589215111,458,-999
519.209558786,469,679
409.955907877,432,421
344.022940344,459,125
292.213175218,460,830
566.054571957,502,693
404.866290919,495,680
536.927692235,489,855
513.174493356,445,744
422.34889996,465,136
668.884777242,440,144
451.976325372,437,268
734.596438469,438,211
601.502348786,461,712
542.381035314,454,998
514.960568697,483,620
472.080224008,468,738
495.635886794,453,564
546.877533055,477,576
547.891689773,437,78
423.13440174,431,541
568.266675074,419,689
506.792138466,458,784
510.752391687,461,601
447.931400976,395,177
NaN,434,738
480.25566125,486,792
535.785382211,435,964
529.932776635,470,428
609.967313615,414,34
486.634059194,471,459
567.377556611,443,255
447.274134285,445,849
596.493022274,434,799
534.263127362,434,845
508.076808468,418,873
469.903966986,451,465
424.715672616,411,426
480.994720944,446,62
527.228408766,491,61
525.63668251,457,227
-999,446,544
382.341157785,422,435
397.665361513,486,393
556.761196982,454,302
642.462542726,477,47
435.902746861,442,538
508.707637829,443,12
489.135652937,463,174
524.977855307,393,237
308.805570021,427,124
428.218174294,425,903
376.939034871,449,261
620.31538975,453,220
471.851620269,425,606
593.104526107,454,546
382.035159513,434,894
435.566698296,468,529
561.877662835,440,765
534.654923141,472,846
591.103424264,444,771
460.464975896,482,529
477.895469893,425,531
404.712922676,476,914
475.283597987,433,985
452.691754179,435,293
690.49936716,425,347
495.798138657,456,531
388.960367586,438,233
489.169449018,462,904
614.904779995,420,946
552.861503736,496,774
584.50940761,451,769
385.0305244,422,76
353.060683543,445,202
520.782459756,477,284
572.445113431,475,226
371.771826015,477,873
528.348427759,460,888
576.986371234,424,242
557.345583028,447,462
569.328712688,439,141
465.854963863,453,289
550.204102744,495,39
549.621923628,427,379
606.974800647,420,223
378.440209719,451,108
719.044367595,463,999
563.26113893,498,300
495.684261625,463,229
488.33370882,475,837
359.754933354,466,554
376.896179578,454,560
513.277256273,437,865
487.871172968,435,367
515.241286352,437,889
340.800444679,412,721
449.292528928,440,436
443.130926288,439,799
578.913608182,454,971
604.422183377,487,38
641.834430742,462,8
483.304294533,446,107
410.114941844,432,215
496.539052516,413,NaN
437.143158774,482,372
550.727452458,448,353
375.343095409,475,390
408.960866933,422,773
317.739248752,445,890
445.819218331,460,981
451.861824186,439,704
375.296068484,443,291
453.426949267,424,989
399.791210448,457,49
544.268961356,477,389
529.466873823,431,80
587.744296969,440,76
490.588245154,448,721
485.124304659,464,378
439.025257181,421,44
262.478143399,452,164
608.364312666,420,29
588.937435828,474,418
499.677692501,445,781
400.196198291,488,618
519.214986749,475,176
474.529260778,463,846
638.199431304,470,685
538.727499376,430,830
559.051287689,442,416
342.184473684,499,244
511.127516703,418,526
592.508213734,453,44
514.212978124,456,375
482.037008181,467,612
483.124222496,467,92
699.15556276,409,264
573.18626788,465,949
557.965453604,418,995
446.217436898,479,504
390.768454515,480,860
601.250821608,463,360
475.991553787,436,427
638.502216251,419,183
435.929633098,501,309
292.958414472,484,103
603.731038925,459,489
564.300750799,456,860
441.479976347,437,782
524.661507901,472,184
478.155079124,419,769
695.233713708,432,743
404.816430347,467,368
543.380571225,457,806
342.530543105,455,342
599.682787498,452,228
495.450604293,439,407
467.557743611,440,472
598.762258375,436,864
439.01340278,471,247
497.214716321,463,658
580.844426586,476,865
610.057651526,422,593
487.296929097,435,657
723.100418148,470,906
439.213665016,433,646
637.570873061,458,753
523.647836181,471,769
475.216358262,440,295
714.010192552,468,41
579.32833417,440,188
380.641498528,454,,581
400.387521304,473,284
445.636595631,412,603
667.07169811,456,943
524.734250066,429,388
567.973438205,467,758
499.423323879,453,86
463.664958428,461,865
556.753315295,461,158
577.114009634,458,174
437.71324246,429,717
583.371055382,437,619
516.837316275,441,112
485.062601279,451,86
758.733519553,443,712
613.932139172,447,141
561.64612744,434,108
692.265983575,497,166
608.516777965,486,82
745.665922314,442,728
485.678263589,468,769
571.100778656,440,42
460.094819636,436,377
422.076819295,467,609
436.566014961,423,647
470.091194381,438,479
455.18904101,442,934
306.33228002,410,549
523.680306614,461,302
358.22023458,425,311
581.257515404,434,344
524.728626617,428,561
647.764534158,463,149
399.145513991,450,109
688.70971952,404,121
456.397805262,438,189
500.35926254,463,831
286.704904252,453,248
440.271735498,424,295
536.208978633,490,842
361.977771671,466,72
364.010653641,443,42
513.936766609,485,944
398.774419641,471,243
432.597779186,442,709
445.734916234,439,498
588.871671159,449,191
543.38640952,435,651
496.802060241,468,278
579.829144197,434,218
613.795886536,471,443
516.418552678,445,832
567.765530859,476,665
391.658878413,466,988
392.164906941,477,511
365.918541571,442,757
532.760097474,493,449
396.079228259,457,565
489.441633597,435,171
462.996149089,459,984
401.972348637,478,167
595.155636128,420,703
552.411491488,417,544
434.770617862,427,252
673.770026875,417,40
548.991076796,431,728
402.023575921,453,743
636.329509008,477,408
482.043028573,437,789
541.587270509,413,423
722.359826373,443,626
399.795659146,445,847
412.615030102,399,701
506.466043289,459,41
540.460925853,409,865
489.905426106,447,55
438.94863851,431,485
585.188609209,455,228
608.488721428,450,461
497.088815668,451,823
413.417240639,468,867
443.80847015,467,524
411.180687119,445,881
564.419643684,420,811
432.152133024,428,23
443.175593274,459,859
412.907779095,461,561
335.081302149,445,822
567.815363329,464,658
558.34354042,427,189
521.546641958,464,155
590.67068396,461,37
583.206122008,445,113
569.918509002,453,158
478.489446664,423,326
452.836896599,463,120
358.765057765,437,60
409.47429614,477,10
403.011323997,493,441
625.234004083,465,868
515.344196599,427,609
501.211363438,483,844
432.567399378,453,488
395.220392442,453,228
509.418632202,426,808
429.776769958,442,705
592.234390422,467,511
427.905140402,465,62
566.882554683,,430,597
588.340190849,434,934
424.329898351,429,20
531.674564174,440,37
655.079908415,443,324
408.880018874,469,404
522.095236117,432,784
504.97393225,453,389
558.624158774,424,689
577.611398358,471,840
441.320510429,478,69
534.034220913,482,520
586.10365797,450,589
356.666721926,416,640
572.183324619,430,853
576.662738111,415,479
449.290395134,424,522
471.562440106,434,428
606.298422285,471,617
590.220783135,470,815
584.015843645,520,129
458.604404862,459,894
451.339926568,462,79
551.038705623,446,94
482.061312689,473,945
409.48193975,442,402
414.255640149,462,222
447.408292397,461,655
371.242668461,468,181
661.683711013,426,858
418.636910107,456,584
495.932852734,440,972
632.774561161,442,297
615.381176599,500,474
411.002434425,487,981
405.149931426,450,52
569.634690925,422,499
331.611548503,496,260
502.914338811,465,364
435.343998676,427,648
474.409648061,470,61
731.835426855,460,21
303.683939498,469,543
465.956570027,450,150
585.885730663,474,415
584.02296174,451,258
706.949572419,485,975
423.763551596,472,638
347.862756449,436,95
600.097278192,436,616
632.437937675,451,308
578.93733892,438,444
580.766606565,446,820
494.138883039,429,828
347.659485769,465,705
532.100000071,440,907
572.491169104,457,457
630.401681123,445,932
410.67009875,446,351
448.34512362,453,619
694.90842767,463,486
601.44713966,455,353
415.851801978,452,297
593.915008404,424,995
695.152606813,429,484
467.408785657,511,467
492.238349945,419,204
445.769930831,497,79
615.128227988,451,883
572.174314054,470,305
438.046608409,447,370
580.112794141,482,599
574.749392247,432,675
556.061105713,430,280
540.03474224,420,794
478.032326259,452,750
534.976889394,443,850
614.067517469,462,350
561.850518057,468,235
552.639293916,439,131
503.946730675,479,63
662.782579566,467,396
612.75516187,461,301
513.815497522,428,173
581.194885311,498,16
395.476074107,478,99
464.092228831,466,713
446.552982685,396,992
385.685266601,478,893
593.458249493,433,758
553.069388245,464,391
375.824000486,443,498
310.867636665,456,293
580.532864037,454,428
463.33853261,426,151
393.495853304,462,980
523.346894811,463,452
631.126871215,443,385
535.255794186,459,617
470.082957253,472,298
386.335253464,446,901
543.521800492,444,518
559.636682815,416,604
552.602470008,426,489
502.862637157,432,392
446.816068962,430,503
495.28485628,463,153
486.230185469,464,662
550.054462933,481,674
518.485232294,430,889
410.344071349,443,313
269.020260119,464,475
595.358038829,491,914
419.905177243,435,687
483.318415978,454,463
551.032450288,471,270
556.13556185,496,588
446.313623864,452,245
559.250379415,462,810
448.383354425,455,377
539.991703321,460,445
426.016654094,499,570
506.943459699,416,,699
557.991079598,451,594
646.691367367,437,628
603.461819861,460,438
523.512497501,465,647
562.959032151,455,316
497.047602167,463,823
520.612112253,425,589
530.980668143,480,194
514.630104699,467,393
550.68129789,437,924
525.274041431,486,245
687.382878188,439,352
368.768398274,434,322
647.044748669,474,826
618.814479228,435,849
544.99502492,437,194
552.401069043,437,335
552.9318279,484,543
409.732102935,463,19
604.227085782,466,89
530.401649799,460,326
611.529656338,452,805
500.190327764,442,595
599.871719048,479,709
558.935746892,451,686
505.131338388,439,200
386.980184564,448,305
521.337246508,470,910
526.03883669,466,277
617.381258701,436,572
620.572801131,410,86
514.624507067,443,689
618.802373667,451,327
509.726321372,469,172
426.495821701,442,171
588.02991197,439,43
548.64792264,438,305
458.646417896,479,371
571.182968444,443,624
524.778902735,451,329
482.95782216,446,899
440.694658404,442,776
416.07002674,436,749
480.911270857,428,342
714.272636106,470,500
341.364187392,448,370
594.110115193,436,176
620.444654174,443,886
308.833824568,484,276
589.708253416,393,450
499.328779833,465,106
417.602237303,453,68
772.293605524,454,305
572.443307511,478,919
563.973404991,493,372
503.575663102,447,282
379.428478842,445,63
386.633455977,413,962
497.480483355,498,296
505.333869117,400,254
547.244605108,485,442
476.449670685,386,349
571.281376705,412,831
579.947626118,477,544
408.108508002,393,764
429.041129227,456,143
705.257947374,409,229
576.984021805,432,12
478.798576205,512,303
633.656861343,459,37
646.076280197,454,37
413.848879025,451,877
616.731862158,449,503
500.16424723,428,426
443.396408803,424,886
587.457898118,478,905
689.719336268,424,398
560.829226317,451,78
554.598352258,472,727
696.113693114,440,248
590.342648276,479,14
609.563109989,425,567
434.476848013,459,920
497.830951906,411,680
776.833822694,421,48
431.151774962,466,635
476.184191443,440,584
320.671121427,436,350
459.401494214,465,354
621.644078259,460,785
314.290836041,426,761
596.106254835,476,978
314.62913626,468,693
424.775592189,427,487
547.253820813,436,219
509.379758956,442,290
541.509784083,439,774
478.738268943,431,733
540.877726272,455,893
NaN,452,571
516.16477348,434,164
463.140046666,458,302
598.968580203,435,453
560.618775262,452,121
441.948591003,433,2
648.983063129,460,946
530.926357338,435,769
662.628501586,446,477
463.021344636,445,14
496.984546283,429,955
478.840296206,466,112
398.941254734,451,684
557.199809428,487,81
520.739023457,465,255
459.901755268,464,796
519.139908601,427,541
539.661958299,464,121
489.618646718,476,793
394.37897414,459,743
661.377193146,439,700
563.458621788,454,498
477.662503488,440,578
412.90106189,463,280
367.853593027,466,127
454.412325189,432,183
408.298020663,441,252
714.456494766,424,696
544.303909989,426,523
508.906560922,427,660
477.062597153,460,401
486.977069106,489,113
456.17611976,472,47
582.64072976,484,459
603.917500749,469,NaN
